1 0.0562498388123651 -0.0356752120706007 0.355306589175341 0.875550273766133 0.0618206443911441 -0.490199937321501 0.202324859624699 -0.401051548422175 -0.483448244731034 -0.349238998047872
0.0562498388123651 1 0.310634912843947 0.282613282086833 -0.164645386675368 -0.0242168947372008 0.155278686605383 -0.363929923113934 -0.238417380598922 -0.110669358057099 -0.231500852508452
-0.0356752120706007 0.310634912843947 1 0.0819837837384224 -0.231218239489157 0.17177283501332 0.278763074399275 -0.610689172486474 -0.222448286015448 0.0292803912397072 -0.235998990299824
0.355306589175341 0.282613282086833 0.0819837837384224 1 0.074656181238081 -0.257384204227923 -0.153833153585158 -0.206567740345058 -0.357151362712049 -0.252281466129986 -0.194812021988126
0.875550273766133 -0.164645386675368 -0.231218239489157 0.074656181238081 1 0.16779562617144 -0.541325463590875 0.512751711056636 -0.173497875458387 -0.45341070549201 -0.183074819368586
0.0618206443911441 -0.0242168947372008 0.17177283501332 -0.257384204227923 0.16779562617144 1 0.157801989814975 -0.0178131866788059 0.0665689245429102 -0.0486484594545692 -0.337097047519599
-0.490199937321501 0.155278686605383 0.278763074399275 -0.153833153585158 -0.541325463590875 0.157801989814975 1 -0.375044239086837 0.0352767219695728 0.414743262229334 -0.0843095962962193
0.202324859624699 -0.363929923113934 -0.610689172486474 -0.206567740345058 0.512751711056636 -0.0178131866788059 -0.375044239086837 1 0.408022680344335 -0.138177135470803 0.375501564144236
-0.401051548422175 -0.238417380598922 -0.222448286015448 -0.357151362712049 -0.173497875458387 0.0665689245429102 0.0352767219695728 0.408022680344335 1 0.155774342761982 0.381756184517666
-0.483448244731034 -0.110669358057099 0.0292803912397072 -0.252281466129986 -0.45341070549201 -0.0486484594545692 0.414743262229334 -0.138177135470803 0.155774342761982 1 0.172357426769383
-0.349238998047872 -0.231500852508452 -0.235998990299824 -0.194812021988126 -0.183074819368586 -0.337097047519599 -0.0843095962962193 0.375501564144236 0.381756184517666 0.172357426769383 1
