1 0.40827180047069 -0.0428066819330661 0.42122354357179 0.342114398083975 -0.0969962827880008 -0.280291749928455 -0.384278632236084 -0.34713489196802 -0.318534100233447 -0.23335472200727
0.40827180047069 1 0.225365265509665 0.228825648985066 0.101305079649369 -0.0412027789602714 0.0147940323881722 -0.49103434262274 -0.476391578934564 -0.400447904876528 0.158924722772607
-0.0428066819330661 0.225365265509665 1 0.13818848894048 -0.178881990939582 -0.0843109522592325 0.226167624052031 -0.281010245432314 -0.299064579293806 -0.0772616839194061 -0.0407409741461253
0.42122354357179 0.228825648985066 0.13818848894048 1 0.0627357137291998 -0.167337409246671 -0.130120841743649 -0.46732863082681 -0.416137649975393 -0.306362224634224 0.0115597147385621
0.342114398083975 0.101305079649369 -0.178881990939582 0.0627357137291998 1 0.0608358846916838 -0.352325139035301 0.237801889527512 0.112078654222555 0.0282122764924835 -0.431334664814685
-0.0969962827880008 -0.0412027789602714 -0.0843109522592325 -0.167337409246671 0.0608358846916838 1 0.00574570039443373 -0.0178237499200018 0.071680305268858 0.0799279221104559 -0.101722112616232
-0.280291749928455 0.0147940323881722 0.226167624052031 -0.130120841743649 -0.352325139035301 0.00574570039443373 1 -0.149187975565822 -0.103565613653281 0.26418334445992 0.0996157781491893
-0.384278632236084 -0.49103434262274 -0.281010245432314 -0.46732863082681 0.237801889527512 -0.0178237499200018 -0.149187975565822 1 0.581534488291487 0.269540050144718 0.0507793760176257
-0.34713489196802 -0.476391578934564 -0.299064579293806 -0.416137649975393 0.112078654222555 0.071680305268858 -0.103565613653281 0.581534488291487 1 0.531072491896738 -0.157273017733979
-0.318534100233447 -0.400447904876528 -0.0772616839194061 -0.306362224634224 0.0282122764924835 0.0799279221104559 0.26418334445992 0.269540050144718 0.531072491896738 1 -0.25040175098516
-0.23335472200727 0.158924722772607 -0.0407409741461253 0.0115597147385621 -0.431334664814685 -0.101722112616232 0.0996157781491893 0.0507793760176257 -0.157273017733979 -0.25040175098516 1
