1 0.592122124636221 0.134985166108646 0.400080632136172 0.366645257305044 -0.0478353431412473 -0.337440966242613 -0.146898674970328 -0.495036384021735 -0.525037100703046 -0.33061982397841
0.592122124636221 1 0.62496311610574 0.251163945007425 -0.0853597391505187 0.272769304731459 0.130867067105234 -0.528471288702789 -0.621086101639949 -0.391189174700752 -0.558519027344069
0.134985166108646 0.62496311610574 1 0.30137076968131 -0.495081568518632 0.0118799328173981 0.693628500456524 -0.697633171403003 -0.59518460592158 0.0878650871094763 -0.422519824016728
0.400080632136172 0.251163945007425 0.30137076968131 1 -0.146516713792033 -0.443499761522905 0.0670177176444954 -0.454248490046234 -0.539795692470867 -0.0596885999978669 -0.159809287717011
0.366645257305044 -0.0853597391505187 -0.495081568518632 -0.146516713792033 1 0.125669176251716 -0.629895624282528 0.682145111357081 0.224752155895332 -0.463549992122131 0.0792241090634559
-0.0478353431412473 0.272769304731459 0.0118799328173981 -0.443499761522905 0.125669176251716 1 0.0935463068813306 0.0634675605371909 0.222133674488369 -0.170325747028213 -0.317470075591535
-0.337440966242613 0.130867067105234 0.693628500456524 0.0670177176444954 -0.629895624282528 0.0935463068813306 1 -0.534953847307328 -0.184731085944419 0.587554620489918 -0.241144932695078
-0.146898674970328 -0.528471288702789 -0.697633171403003 -0.454248490046234 0.682145111357081 0.0634675605371909 -0.534953847307328 1 0.689863597093465 -0.130323320351246 0.503744608812744
-0.495036384021735 -0.621086101639949 -0.59518460592158 -0.539795692470867 0.224752155895332 0.222133674488369 -0.184731085944419 0.689863597093465 1 0.335395554452757 0.58565857338288
-0.525037100703046 -0.391189174700752 0.0878650871094763 -0.0596885999978669 -0.463549992122131 -0.170325747028213 0.587554620489918 -0.130323320351246 0.335395554452757 1 0.259411854302354
-0.33061982397841 -0.558519027344069 -0.422519824016728 -0.159809287717011 0.0792241090634559 -0.317470075591535 -0.241144932695078 0.503744608812744 0.58565857338288 0.259411854302354 1
