1 0.477440311151686 -0.193561247364174 0.240614787466636 0.665397065988665 -0.0780237277126185 -0.226189057887335 -0.113020442337114 -0.394756165705347 -0.35450300610399 -0.244562242001761
0.477440311151686 1 0.338949171000595 0.447498778024542 -0.00679391836360037 -0.0737807080811053 0.0348964171601627 -0.395646109791455 -0.448349629360559 -0.281290640290663 -0.341452246582954
-0.193561247364174 0.338949171000595 1 0.244055603799264 -0.325742416627913 -0.0903277529941634 0.235621293865388 -0.262400695740674 -0.206747121211128 -0.007699552233917 -0.230166345065938
0.240614787466636 0.447498778024542 0.244055603799264 1 -0.215968141709203 -0.216175806067296 -0.0336166224803142 -0.378018600685174 -0.360985173495677 -0.182186899316681 -0.114993625564602
0.665397065988665 -0.00679391836360037 -0.325742416627913 -0.215968141709203 1 0.0037523357702974 -0.245621017302297 0.374044873109259 -0.0230019146414183 -0.29828310902802 -0.0942328021463996
-0.0780237277126185 -0.0737807080811053 -0.0903277529941634 -0.216175806067296 0.0037523357702974 1 0.143668332465799 -0.123427766871989 -0.0319674040444468 0.0062319867655773 -0.176234944554541
-0.226189057887335 0.0348964171601627 0.235621293865388 -0.0336166224803142 -0.245621017302297 0.143668332465799 1 -0.277363884624339 -0.107782602377524 0.220121554076844 -0.241047769787355
-0.113020442337114 -0.395646109791455 -0.262400695740674 -0.378018600685174 0.374044873109259 -0.123427766871989 -0.277363884624339 1 0.495751246776433 -0.0347529878427579 0.364852881663318
-0.394756165705347 -0.448349629360559 -0.206747121211128 -0.360985173495677 -0.0230019146414183 -0.0319674040444468 -0.107782602377524 0.495751246776433 1 0.309025808029798 0.424228154961049
-0.35450300610399 -0.281290640290663 -0.007699552233917 -0.182186899316681 -0.29828310902802 0.0062319867655773 0.220121554076844 -0.0347529878427579 0.309025808029798 1 0.038014011453058
-0.244562242001761 -0.341452246582954 -0.230166345065938 -0.114993625564602 -0.0942328021463996 -0.176234944554541 -0.241047769787355 0.364852881663318 0.424228154961049 0.038014011453058 1
