1 0.115854515881967 -0.357519103238812 0.234656842851328 0.290946860368118 -0.118660527595732 -0.201588355464271 0.0290934856408598 -0.296563343318133 -0.13758427977098 -0.0804136605093223
0.115854515881967 1 -0.068839127814765 0.30581818958507 -0.0904874253398235 0.1378234197168 0.0970666644873945 -0.364085044397308 -0.238026758356454 -0.0994566768161573 -0.254583737687206
-0.357519103238812 -0.068839127814765 1 -0.080516030746269 -0.458526824339177 0.00802903045419517 0.2427426331103 -0.354429435228373 0.122901401054975 0.26386715020684 -0.135011250150268
0.234656842851328 0.30581818958507 -0.080516030746269 1 -0.0440456843175001 -0.127582863899833 -0.102384795027764 -0.258058309578014 -0.50343732948493 0.0693705455837871 -0.102293999411456
0.290946860368118 -0.0904874253398235 -0.458526824339177 -0.0440456843175001 1 0.0981651497059819 -0.394465286121526 0.653143536075829 0.100982475951676 -0.281943367462314 0.0558713624515829
-0.118660527595732 0.1378234197168 0.00802903045419517 -0.127582863899833 0.0981651497059819 1 0.33688444442572 -0.159216382068718 0.161935287480829 -0.138927872980104 -0.369123063404867
-0.201588355464271 0.0970666644873945 0.2427426331103 -0.102384795027764 -0.394465286121526 0.33688444442572 1 -0.371157166431143 0.0303024338687082 0.0488669759389273 -0.244051813300865
0.0290934856408598 -0.364085044397308 -0.354429435228373 -0.258058309578014 0.653143536075829 -0.159216382068718 -0.371157166431143 1 0.408414025273788 -0.233329092913405 0.383699820836747
-0.296563343318133 -0.238026758356454 0.122901401054975 -0.50343732948493 0.100982475951676 0.161935287480829 0.0303024338687082 0.408414025273788 1 -0.240709496233143 0.245535174155297
-0.13758427977098 -0.0994566768161573 0.26386715020684 0.0693705455837871 -0.281943367462314 -0.138927872980104 0.0488669759389273 -0.233329092913405 -0.240709496233143 1 0.00674607905616268
-0.0804136605093223 -0.254583737687206 -0.135011250150268 -0.102293999411456 0.0558713624515829 -0.369123063404867 -0.244051813300865 0.383699820836747 0.245535174155297 0.00674607905616268 1
