1 0.44949406596907 -0.138897648751639 0.297789726895048 0.394846231281001 0.172278071773968 -0.290628715819609 -0.171293433348732 -0.307660198975379 -0.429045878760174 -0.305135194098888
0.44949406596907 1 0.28971563904462 0.225432189567174 0.0448911490206303 0.296116628000695 -0.070313597259335 -0.285073419349048 -0.464455862048299 -0.398167929855606 -0.365193230679345
-0.138897648751639 0.28971563904462 1 0.0639844399627838 -0.395240309238557 -0.128995924521021 0.504625466949365 -0.309401761033515 -0.304063649134023 0.125441727627379 -0.146476197848708
0.297789726895048 0.225432189567174 0.0639844399627838 1 -0.00558392870984234 -0.26130825446478 -0.161525569366586 -0.212841463924248 -0.335093030072829 -0.222663700769509 -0.012942925421842
0.394846231281001 0.0448911490206303 -0.395240309238557 -0.00558392870984234 1 0.225495110128556 -0.401038679747046 0.218877021764494 0.0805840471084097 -0.339899847201903 -0.0612339382039322
0.172278071773968 0.296116628000695 -0.128995924521021 -0.26130825446478 0.225495110128556 1 -0.0945332635201706 -0.0618766272291377 -0.0191295579209037 -0.216934125774291 -0.230858584718197
-0.290628715819609 -0.070313597259335 0.504625466949365 -0.161525569366586 -0.401038679747046 -0.0945332635201706 1 -0.226329992198142 -0.0567724233804621 0.382597828611876 -0.071483497901371
-0.171293433348732 -0.285073419349048 -0.309401761033515 -0.212841463924248 0.218877021764494 -0.0618766272291377 -0.226329992198142 1 0.40737240042572 -0.0144809160088253 0.0693632579398737
-0.307660198975379 -0.464455862048299 -0.304063649134023 -0.335093030072829 0.0805840471084097 -0.0191295579209037 -0.0567724233804621 0.40737240042572 1 0.486580004258441 0.226017877971828
-0.429045878760174 -0.398167929855606 0.125441727627379 -0.222663700769509 -0.339899847201903 -0.216934125774291 0.382597828611876 -0.0144809160088253 0.486580004258441 1 0.212338254074626
-0.305135194098888 -0.365193230679345 -0.146476197848708 -0.012942925421842 -0.0612339382039322 -0.230858584718197 -0.071483497901371 0.0693632579398737 0.226017877971828 0.212338254074626 1
