1 0.452492068631383 0.102458289714038 0.447761295455537 0.261451321327324 -0.226646885798068 0.0320455778962837 -0.368320666000612 -0.445684590508425 -0.361477799641239 -0.435833696910195
0.452492068631383 1 0.539754205210752 0.564498013032597 -0.122136870976533 0.0136639195818849 0.112994427091833 -0.529824310359106 -0.4804673430281 -0.24820899221832 -0.539265617537958
0.102458289714038 0.539754205210752 1 0.399980230164443 -0.284714505821431 0.132281694629924 0.0809122500689495 -0.403821694014498 -0.315314658711663 -0.0950192666784962 -0.398383069348415
0.447761295455537 0.564498013032597 0.399980230164443 1 -0.088566311258654 -0.204411696344205 0.113288426002785 -0.457534530734223 -0.483219411071549 -0.317940734009146 -0.610381177834327
0.261451321327324 -0.122136870976533 -0.284714505821431 -0.088566311258654 1 -0.0277215168786518 -0.223564054613642 0.291084589176311 -0.0525146282700891 -0.167283767497869 -0.0312566714738719
-0.226646885798068 0.0136639195818849 0.132281694629924 -0.204411696344205 -0.0277215168786518 1 -0.0590951048599786 0.0310085406171524 0.129668030086086 0.132264207027611 0.0718753975148326
0.0320455778962837 0.112994427091833 0.0809122500689495 0.113288426002785 -0.223564054613642 -0.0590951048599786 1 -0.144114173681867 -0.0721236707651743 -0.256358351337593 -0.128418060320833
-0.368320666000612 -0.529824310359106 -0.403821694014498 -0.457534530734223 0.291084589176311 0.0310085406171524 -0.144114173681867 1 0.364802937377135 0.126965853475487 0.438723836816724
-0.445684590508425 -0.4804673430281 -0.315314658711663 -0.483219411071549 -0.0525146282700891 0.129668030086086 -0.0721236707651743 0.364802937377135 1 0.310234356059143 0.509561305675795
-0.361477799641239 -0.24820899221832 -0.0950192666784962 -0.317940734009146 -0.167283767497869 0.132264207027611 -0.256358351337593 0.126965853475487 0.310234356059143 1 0.341014638544133
-0.435833696910195 -0.539265617537958 -0.398383069348415 -0.610381177834327 -0.0312566714738719 0.0718753975148326 -0.128418060320833 0.438723836816724 0.509561305675795 0.341014638544133 1
