1 0.476710586238935 -0.0151341243526606 0.505753868866985 0.564648308120167 -0.236287623916557 -0.454886926129995 0.122452928526721 -0.44390975441911 -0.627936772703392 -0.269817486923772
0.476710586238935 1 0.741628232496124 0.617976505722785 -0.127840626686728 0.0641291830720259 0.135812574261087 -0.490479424218466 -0.693750695070888 -0.463620723316738 -0.559216395341845
-0.0151341243526606 0.741628232496124 1 0.430571746939046 -0.486055186547096 0.203153927046945 0.518355622790174 -0.661008695756155 -0.544423332305649 -0.143317523491581 -0.490267515515661
0.505753868866985 0.617976505722785 0.430571746939046 1 -0.0933581092919101 -0.428336558756559 -0.227924111065878 -0.252118141240177 -0.535939751965139 -0.40577477865004 -0.201318294648176
0.564648308120167 -0.127840626686728 -0.486055186547096 -0.0933581092919101 1 -0.060074420966482 -0.524941689075077 0.721409541585685 0.100084359192715 -0.405886862860189 0.0545203762113504
-0.236287623916557 0.0641291830720259 0.203153927046945 -0.428336558756559 -0.060074420966482 1 0.717375035152846 -0.27581864467806 0.031841526662675 0.152906878622025 -0.451136552050875
-0.454886926129995 0.135812574261087 0.518355622790174 -0.227924111065878 -0.524941689075077 0.717375035152846 1 -0.587263270149023 -0.0483262430596349 0.396311106890264 -0.372123824938533
0.122452928526721 -0.490479424218466 -0.661008695756155 -0.252118141240177 0.721409541585685 -0.27581864467806 -0.587263270149023 1 0.550133529337808 -0.0523307194293696 0.57050755573297
-0.44390975441911 -0.693750695070888 -0.544423332305649 -0.535939751965139 0.100084359192715 0.031841526662675 -0.0483262430596349 0.550133529337808 1 0.657936164786747 0.703521150575361
-0.627936772703392 -0.463620723316738 -0.143317523491581 -0.40577477865004 -0.405886862860189 0.152906878622025 0.396311106890264 -0.0523307194293696 0.657936164786747 1 0.44404843999162
-0.269817486923772 -0.559216395341845 -0.490267515515661 -0.201318294648176 0.0545203762113504 -0.451136552050875 -0.372123824938533 0.57050755573297 0.703521150575361 0.44404843999162 1
