1 0.642225208837789 0.00749766166379596 0.363705180619795 0.609823972819609 -0.0694675000318685 -0.486174472696607 -0.0932394432648376 -0.508358406451102 -0.635618985945175 -0.374968570453344
0.642225208837789 1 0.446737377659148 0.383701344572682 0.154785101426965 0.111168352358776 -0.100828675613627 -0.433473294322183 -0.607912874232937 -0.541684807130091 -0.52387041902915
0.00749766166379596 0.446737377659148 1 0.350737346300532 -0.375162681403102 0.0958369362009351 0.524335556718267 -0.578203803707653 -0.44740327891161 -0.116799346655768 -0.320544745773742
0.363705180619795 0.383701344572682 0.350737346300532 1 0.0113519551502033 -0.327242529978226 -0.0179553877141315 -0.339212729850656 -0.508762732752452 -0.371121403946413 -0.186193975874334
0.609823972819609 0.154785101426965 -0.375162681403102 0.0113519551502033 1 0.059773590909689 -0.600202700887319 0.455714952486211 -0.108666483184376 -0.477908217546965 -0.0999895487886044
-0.0694675000318685 0.111168352358776 0.0958369362009351 -0.327242529978226 0.059773590909689 1 0.302740332972348 -0.0687579470817564 0.102782178813517 0.105886078449814 -0.321719263818782
-0.486174472696607 -0.100828675613627 0.524335556718267 -0.0179553877141315 -0.600202700887319 0.302740332972348 1 -0.423495649895747 0.0136738085082106 0.51008077103294 6.286661863202e-06
-0.0932394432648376 -0.433473294322183 -0.578203803707653 -0.339212729850656 0.455714952486211 -0.0687579470817564 -0.423495649895747 1 0.517442027456746 0.0501893393507341 0.39762791389082
-0.508358406451102 -0.607912874232937 -0.44740327891161 -0.508762732752452 -0.108666483184376 0.102782178813517 0.0136738085082106 0.517442027456746 1 0.661278323469985 0.419982721741478
-0.635618985945175 -0.541684807130091 -0.116799346655768 -0.371121403946413 -0.477908217546965 0.105886078449814 0.51008077103294 0.0501893393507341 0.661278323469985 1 0.35801665888917
-0.374968570453344 -0.52387041902915 -0.320544745773742 -0.186193975874334 -0.0999895487886044 -0.321719263818782 6.286661863202e-06 0.39762791389082 0.419982721741478 0.35801665888917 1
