1 0.444160776373096 -0.441178841371015 0.562857254123541 0.702598475743328 -0.474072060807297 -0.679518021218931 0.434767103921268 -0.413592950493911 -0.770986186753284 0.0050250363988769
0.444160776373096 1 0.402203339768606 0.459781396723469 -0.028786833218564 0.0724285807386991 0.0524124835683185 -0.323017658911697 -0.590804708936913 -0.193071165062442 -0.436330276481987
-0.441178841371015 0.402203339768606 1 -0.085049864011338 -0.676986092219313 0.596445929447091 0.81625830615813 -0.778237557709866 -0.173295943680519 0.618651101248025 -0.473179511062218
0.562857254123541 0.459781396723469 -0.085049864011338 1 0.153333241202735 -0.597785597243727 -0.425858000037821 0.0476703254031621 -0.525366436466155 -0.486762067288906 0.181904412648993
0.702598475743328 -0.028786833218564 -0.676986092219313 0.153333241202735 1 -0.346728321083879 -0.713772305979944 0.834070877486196 0.0246239114849437 -0.699488965146288 0.158422500411509
-0.474072060807297 0.0724285807386991 0.596445929447091 -0.597785597243727 -0.346728321083879 1 0.762275888994664 -0.426724481599099 0.228664772671311 0.642895933345669 -0.561076578969696
-0.679518021218931 0.0524124835683185 0.81625830615813 -0.425858000037821 -0.713772305979944 0.762275888994664 1 -0.70504313154904 0.123452379519757 0.833382855309512 -0.409689846561215
0.434767103921268 -0.323017658911697 -0.778237557709866 0.0476703254031621 0.834070877486196 -0.426724481599099 -0.70504313154904 1 0.359793701611932 -0.543222836922657 0.459800819228467
-0.413592950493911 -0.590804708936913 -0.173295943680519 -0.525366436466155 0.0246239114849437 0.228664772671311 0.123452379519757 0.359793701611932 1 0.396102454910213 0.366101910556885
-0.770986186753284 -0.193071165062442 0.618651101248025 -0.486762067288906 -0.699488965146288 0.642895933345669 0.833382855309512 -0.543222836922657 0.396102454910213 1 -0.114112168300917
0.0050250363988769 -0.436330276481987 -0.473179511062218 0.181904412648993 0.158422500411509 -0.561076578969696 -0.409689846561215 0.459800819228467 0.366101910556885 -0.114112168300917 1
