1 0.73866314423442 0.037259702313344 0.577230847529951 0.560430401856106 -0.0828730478674025 -0.416587811021088 -0.0239618418333086 -0.600859128417784 -0.665888263196555 -0.428927785811055
0.73866314423442 1 0.470528444176173 0.610851933341517 0.0467301208548157 0.0543315533109847 -0.0515011526825096 -0.414959763303953 -0.633711514351943 -0.548039365896755 -0.556086267651615
0.037259702313344 0.470528444176173 1 0.427205177220567 -0.463744879273097 -0.105256006842268 0.643882947282417 -0.567636652481116 -0.404146325210699 -0.0336093166225681 -0.314898559653912
0.577230847529951 0.610851933341517 0.427205177220567 1 -0.0437694153434267 -0.400227193820255 -0.0197991188791261 -0.386074709584289 -0.568329798605227 -0.404134615835452 -0.267387133633119
0.560430401856106 0.0467301208548157 -0.463744879273097 -0.0437694153434267 1 0.0381058658667045 -0.610915439394187 0.684661016327199 -0.133964196666902 -0.460208395787078 -0.0442266083261455
-0.0828730478674025 0.0543315533109847 -0.105256006842268 -0.400227193820255 0.0381058658667045 1 0.0201642806388574 0.0129104123327172 0.336531582743694 0.081202900278562 -0.28229908765576
-0.416587811021088 -0.0515011526825096 0.643882947282417 -0.0197991188791261 -0.610915439394187 0.0201642806388574 1 -0.447053228648835 0.109116727749934 0.508408243694515 -0.01156371852341
-0.0239618418333086 -0.414959763303953 -0.567636652481116 -0.386074709584289 0.684661016327199 0.0129104123327172 -0.447053228648835 1 0.32215994274532 -0.082789240987099 0.276247043269289
-0.600859128417784 -0.633711514351943 -0.404146325210699 -0.568329798605227 -0.133964196666902 0.336531582743694 0.109116727749934 0.32215994274532 1 0.667936107779859 0.48553350208972
-0.665888263196555 -0.548039365896755 -0.0336093166225681 -0.404134615835452 -0.460208395787078 0.081202900278562 0.508408243694515 -0.082789240987099 0.667936107779859 1 0.525260558986748
-0.428927785811055 -0.556086267651615 -0.314898559653912 -0.267387133633119 -0.0442266083261455 -0.28229908765576 -0.01156371852341 0.276247043269289 0.48553350208972 0.525260558986748 1
