1 0.280775030798464 -0.311181806783403 0.238745693754781 0.605498118239971 0.0413344719864649 -0.483390427418402 0.27706680216587 -0.310918089802914 -0.559154564250062 -0.242942277526495
0.280775030798464 1 0.415661269248835 0.236555740033538 0.0068713046351915 0.29475861074704 0.200060718458432 -0.390512345811361 -0.478333476632808 -0.366141280213663 -0.508837244069177
-0.311181806783403 0.415661269248835 1 0.241272267037483 -0.559455757294903 -0.0443789995491398 0.58566931588444 -0.641853429871675 -0.322461543017202 0.267463944528648 -0.151334644971979
0.238745693754781 0.236555740033538 0.241272267037483 1 -0.262638594317008 -0.498966254725307 -0.207612654074314 -0.227585731277148 -0.337716197911735 -0.0252408523688144 0.253676234696818
0.605498118239971 0.0068713046351915 -0.559455757294903 -0.262638594317008 1 0.424098168714138 -0.401682878612842 0.59718594389417 -0.0151751713946676 -0.547390770317898 -0.27454379612592
0.0413344719864649 0.29475861074704 -0.0443789995491398 -0.498966254725307 0.424098168714138 1 0.344555619898475 -0.00390889655580133 -0.0306722346689847 -0.28888879407587 -0.532788423708718
-0.483390427418402 0.200060718458432 0.58566931588444 -0.207612654074314 -0.401682878612842 0.344555619898475 1 -0.503649485544713 -0.0721200481208529 0.324208088686891 -0.225147355754342
0.27706680216587 -0.390512345811361 -0.641853429871675 -0.227585731277148 0.59718594389417 -0.00390889655580133 -0.503649485544713 1 0.425943789376566 -0.204037979655365 0.250193478045864
-0.310918089802914 -0.478333476632808 -0.322461543017202 -0.337716197911735 -0.0151751713946676 -0.0306722346689847 -0.0721200481208529 0.425943789376566 1 0.427231126677249 0.382278055346236
-0.559154564250062 -0.366141280213663 0.267463944528648 -0.0252408523688144 -0.547390770317898 -0.28888879407587 0.324208088686891 -0.204037979655365 0.427231126677249 1 0.457658115629808
-0.242942277526495 -0.508837244069177 -0.151334644971979 0.253676234696818 -0.27454379612592 -0.532788423708718 -0.225147355754342 0.250193478045864 0.382278055346236 0.457658115629808 1
