1 0.468504907793651 -0.323204558471611 0.376652338517706 -0.372295000368488 0.0749914434917946 -0.481006032367092 0.414599042841535 0.0305469835559589 -0.656796202887399 -0.135226513028359
0.468504907793651 1 0.34513525874519 0.30585157336276 -0.54866524748619 0.416632531023 0.110440626286183 -0.2394193946079 -0.222872141205557 -0.421120495578996 -0.557565353441498
-0.323204558471611 0.34513525874519 1 0.190538215330069 -0.104674838426246 -0.0124450074327923 0.705748515787683 -0.699578219086794 -0.578412325801607 0.329520074819996 -0.366299231062913
0.376652338517706 0.30585157336276 0.190538215330069 1 -0.12476544586211 -0.419477159525653 -0.21724001632897 -0.11927191173435 -0.570236312263046 -0.22957816894211 0.111094588119442
-0.372295000368488 -0.54866524748619 -0.104674838426246 -0.12476544586211 1 -0.323291580722175 -0.0389959134389344 0.168821437188847 0.271241904679955 0.532019032473489 0.510631502780225
0.0749914434917946 0.416632531023 -0.0124450074327923 -0.419477159525653 -0.323291580722175 1 0.271528265568975 -0.087375899349392 0.357314144885554 -0.190492256493438 -0.547897249249287
-0.481006032367092 0.110440626286183 0.705748515787683 -0.21724001632897 -0.0389959134389344 0.271528265568975 1 -0.640560440022664 -0.293318882467938 0.486112465774882 -0.413607316220197
0.414599042841535 -0.2394193946079 -0.699578219086794 -0.11927191173435 0.168821437188847 -0.087375899349392 -0.640560440022664 1 0.623366965340419 -0.373719473699293 0.437461702965621
0.0305469835559589 -0.222872141205557 -0.578412325801607 -0.570236312263046 0.271241904679955 0.357314144885554 -0.293318882467938 0.623366965340419 1 -0.0829716543159225 0.167259886427232
-0.656796202887399 -0.421120495578996 0.329520074819996 -0.22957816894211 0.532019032473489 -0.190492256493438 0.486112465774882 -0.373719473699293 -0.0829716543159225 1 0.21427134073659
-0.135226513028359 -0.557565353441498 -0.366299231062913 0.111094588119442 0.510631502780225 -0.547897249249287 -0.413607316220197 0.437461702965621 0.167259886427232 0.21427134073659 1
