1 0.415984348703625 -0.268606467860943 0.349429563301338 0.545953646344565 -0.0904687841329738 -0.491051337259361 0.183545743902792 -0.347764261164038 -0.591195727736118 -0.174199517306413
0.415984348703625 1 0.396190301862616 0.390074727683272 -0.0269947132767922 0.120314842893167 0.0517748502426779 -0.421605840723031 -0.479812512998544 -0.36825005076122 -0.418773451945431
-0.268606467860943 0.396190301862616 1 0.2909928517459 -0.576302199777928 -0.130908527969152 0.613142031864164 -0.575690314542283 -0.421009603060472 0.214937702622116 -0.144268798288371
0.349429563301338 0.390074727683272 0.2909928517459 1 -0.187435341231532 -0.495929468585562 -0.228286639837656 -0.0961458272636676 -0.584141045745105 -0.207096422865608 0.217067176020544
0.545953646344565 -0.0269947132767922 -0.576302199777928 -0.187435341231532 1 0.334292574575917 -0.502924424135883 0.510874025945343 0.214596066776132 -0.508367285035637 -0.185624417676027
-0.0904687841329738 0.120314842893167 -0.130908527969152 -0.495929468585562 0.334292574575917 1 0.287746128627647 -0.14493444881165 0.344181385741354 -0.119522268440522 -0.499879389044182
-0.491051337259361 0.0517748502426779 0.613142031864164 -0.228286639837656 -0.502924424135883 0.287746128627647 1 -0.515971814954073 -0.0009505856355887 0.48221796997907 -0.21876697843478
0.183545743902792 -0.421605840723031 -0.575690314542283 -0.0961458272636676 0.510874025945343 -0.14493444881165 -0.515971814954073 1 0.401824152595291 -0.164378254788318 0.346908179790371
-0.347764261164038 -0.479812512998544 -0.421009603060472 -0.584141045745105 0.214596066776132 0.344181385741354 -0.0009505856355887 0.401824152595291 1 0.392104097329808 0.135955919008375
-0.591195727736118 -0.36825005076122 0.214937702622116 -0.207096422865608 -0.508367285035637 -0.119522268440522 0.48221796997907 -0.164378254788318 0.392104097329808 1 0.405998750688315
-0.174199517306413 -0.418773451945431 -0.144268798288371 0.217067176020544 -0.185624417676027 -0.499879389044182 -0.21876697843478 0.346908179790371 0.135955919008375 0.405998750688315 1
