1 0.43393807242586 -0.334986683537149 0.362733372006602 0.560886876810014 -0.111977800073413 -0.598177816893202 0.294596112837155 -0.337236253174331 -0.648478536531301 -0.148520171656554
0.43393807242586 1 0.361156316226558 0.406614947450894 0.151136967220283 0.233872553217468 -0.027796927364995 -0.35711717637298 -0.556788501295817 -0.419843292297353 -0.488889917803758
-0.334986683537149 0.361156316226558 1 0.271283801144646 -0.564670149127585 0.0370094845336345 0.640438665917167 -0.68139624085907 -0.391914392941706 0.35602908784244 -0.177736548294299
0.362733372006602 0.406614947450894 0.271283801144646 1 -0.223267242475306 -0.477424094768444 -0.247527792192908 -0.173895184506498 -0.512227395803143 -0.221772551217882 0.190916726114473
0.560886876810014 0.151136967220283 -0.564670149127585 -0.223267242475306 1 0.354064113048552 -0.491900585850707 0.490904884920286 0.0867211288052451 -0.573472365180507 -0.321984218712704
-0.111977800073413 0.233872553217468 0.0370094845336345 -0.477424094768444 0.354064113048552 1 0.349851138720217 -0.197121622264742 0.0699365258866698 -0.0331568164396996 -0.562307651940128
-0.598177816893202 -0.027796927364995 0.640438665917167 -0.247527792192908 -0.491900585850707 0.349851138720217 1 -0.55432032876874 0.00637921583132742 0.640747453839006 -0.170207351112501
0.294596112837155 -0.35711717637298 -0.68139624085907 -0.173895184506498 0.490904884920286 -0.197121622264742 -0.55432032876874 1 0.544985308439271 -0.245309588037711 0.340173900538481
-0.337236253174331 -0.556788501295817 -0.391914392941706 -0.512227395803143 0.0867211288052451 0.0699365258866698 0.00637921583132742 0.544985308439271 1 0.420201481475733 0.370283546690966
-0.648478536531301 -0.419843292297353 0.35602908784244 -0.221772551217882 -0.573472365180507 -0.0331568164396996 0.640747453839006 -0.245309588037711 0.420201481475733 1 0.335288118060745
-0.148520171656554 -0.488889917803758 -0.177736548294299 0.190916726114473 -0.321984218712704 -0.562307651940128 -0.170207351112501 0.340173900538481 0.370283546690966 0.335288118060745 1
