1 0.369419353375629 -0.247806492170279 0.416402768055024 0.59393981800615 -0.141275149724942 -0.576133808628615 0.251087852867838 -0.359115209549634 -0.617816499597806 -0.146737745220604
0.369419353375629 1 0.460542899024447 0.326888177561679 0.0736869680061294 0.245262497932534 0.0314630819946655 -0.369692830599769 -0.440227553795434 -0.398178526935706 -0.514991326812974
-0.247806492170279 0.460542899024447 1 0.394240824626475 -0.607310598526981 -0.132043979074964 0.653744475459544 -0.692971280238178 -0.460826597817782 0.286039130389357 -0.135335884976319
0.416402768055024 0.326888177561679 0.394240824626475 1 -0.214915361847596 -0.523555457358604 -0.134245924823205 -0.302898555674495 -0.592628864379809 -0.0922598473825931 0.205218222337013
0.59393981800615 0.0736869680061294 -0.607310598526981 -0.214915361847596 1 0.30071199473015 -0.601408708466604 0.670212278171352 0.185228667535263 -0.610831244976421 -0.248912525142888
-0.141275149724942 0.245262497932534 -0.132043979074964 -0.523555457358604 0.30071199473015 1 0.125241786594777 0.0332547585660923 0.324277896354473 -0.199859342749633 -0.504617317505184
-0.576133808628615 0.0314630819946655 0.653744475459544 -0.134245924823205 -0.601408708466604 0.125241786594777 1 -0.528409316081655 -0.0445652603554137 0.583932026524179 -0.0882631647903141
0.251087852867838 -0.369692830599769 -0.692971280238178 -0.302898555674495 0.670212278171352 0.0332547585660923 -0.528409316081655 1 0.50680092454006 -0.247879063616889 0.195914439529885
-0.359115209549634 -0.440227553795434 -0.460826597817782 -0.592628864379809 0.185228667535263 0.324277896354473 -0.0445652603554137 0.50680092454006 1 0.290850986416533 0.189984468934291
-0.617816499597806 -0.398178526935706 0.286039130389357 -0.0922598473825931 -0.610831244976421 -0.199859342749633 0.583932026524179 -0.247879063616889 0.290850986416533 1 0.496830682080439
-0.146737745220604 -0.514991326812974 -0.135335884976319 0.205218222337013 -0.248912525142888 -0.504617317505184 -0.0882631647903141 0.195914439529885 0.189984468934291 0.496830682080439 1
