1 0.497821034855685 -0.314722506189927 0.271921988659246 0.632708161711946 0.0120588858496557 -0.551246981286466 0.227386633193324 -0.419352275767589 -0.668234920227508 -0.238624173134714
0.497821034855685 1 0.285008747290147 0.394310480836852 0.12488633367825 0.112137447016193 -0.108967370344698 -0.300572240242587 -0.590021163374532 -0.394888227344663 -0.353740795445862
-0.314722506189927 0.285008747290147 1 0.110190983448254 -0.50671726430899 0.0760374903884709 0.627104890202402 -0.652851807084319 -0.265603334367907 0.359787950623097 -0.207229494341403
0.271921988659246 0.394310480836852 0.110190983448254 1 -0.182430543755162 -0.452356075934888 -0.318975328023358 -0.223428893998676 -0.37415527190443 -0.120757469929382 0.203634226536936
0.632708161711946 0.12488633367825 -0.50671726430899 -0.182430543755162 1 0.360848206085731 -0.417665517922933 0.531577561187171 -0.102269986759925 -0.614805450533707 -0.308528946982755
0.0120588858496557 0.112137447016193 0.0760374903884709 -0.452356075934888 0.360848206085731 1 0.36043599811827 0.00720010243263094 0.00917669764736298 -0.129869521908064 -0.548020722412602
-0.551246981286466 -0.108967370344698 0.627104890202402 -0.318975328023358 -0.417665517922933 0.36043599811827 1 -0.437913871824248 0.132206784655818 0.590049245401957 -0.175468852834011
0.227386633193324 -0.300572240242587 -0.652851807084319 -0.223428893998676 0.531577561187171 0.00720010243263094 -0.437913871824248 1 0.45526378204071 -0.23818744970334 0.176469016213665
-0.419352275767589 -0.590021163374532 -0.265603334367907 -0.37415527190443 -0.102269986759925 0.00917669764736298 0.132206784655818 0.45526378204071 1 0.482949140523816 0.448948705639208
-0.668234920227508 -0.394888227344663 0.359787950623097 -0.120757469929382 -0.614805450533707 -0.129869521908064 0.590049245401957 -0.23818744970334 0.482949140523816 1 0.3690919839323
-0.238624173134714 -0.353740795445862 -0.207229494341403 0.203634226536936 -0.308528946982755 -0.548020722412602 -0.175468852834011 0.176469016213665 0.448948705639208 0.3690919839323 1
