1 0.371898390914177 -0.267265496014229 0.461516701009159 0.46261582433246 -0.126623555728784 -0.57214133621907 0.22771054747955 -0.455978130841514 -0.547516608881423 -0.122138011012503
0.371898390914177 1 0.202485679325883 0.194489916201607 0.220981673356463 0.361884958929791 -0.0274749673830089 -0.317981305383018 -0.375522714707161 -0.502269522791251 -0.555291480575711
-0.267265496014229 0.202485679325883 1 0.306999393430622 -0.576214949741016 -0.119032035466103 0.634961974829125 -0.63770176561066 -0.299362857612865 0.340214257018385 -0.0965481974821081
0.461516701009159 0.194489916201607 0.306999393430622 1 -0.283165275421791 -0.532507471905054 -0.182201651613952 -0.244297414736829 -0.572068399819301 -0.0112579925804295 0.24862767557325
0.46261582433246 0.220981673356463 -0.576214949741016 -0.283165275421791 1 0.463777310875283 -0.499740175805729 0.598694123519122 0.107579433697084 -0.621191205299746 -0.322996709738997
-0.126623555728784 0.361884958929791 -0.119032035466103 -0.532507471905054 0.463777310875283 1 0.181039311727079 -0.0132718842788713 0.275609983725196 -0.31623473024105 -0.617747237709748
-0.57214133621907 -0.0274749673830089 0.634961974829125 -0.182201651613952 -0.499740175805729 0.181039311727079 1 -0.536117372478887 0.143855906740441 0.539529529548825 -0.121647555921184
0.22771054747955 -0.317981305383018 -0.63770176561066 -0.244297414736829 0.598694123519122 -0.0132718842788713 -0.536117372478887 1 0.380336986981284 -0.208211039178311 0.262815291065494
-0.455978130841514 -0.375522714707161 -0.299362857612865 -0.572068399819301 0.107579433697084 0.275609983725196 0.143855906740441 0.380336986981284 1 0.371193021830689 0.177538066614139
-0.547516608881423 -0.502269522791251 0.340214257018385 -0.0112579925804295 -0.621191205299746 -0.31623473024105 0.539529529548825 -0.208211039178311 0.371193021830689 1 0.537770079295453
-0.122138011012503 -0.555291480575711 -0.0965481974821081 0.24862767557325 -0.322996709738997 -0.617747237709748 -0.121647555921184 0.262815291065494 0.177538066614139 0.537770079295453 1
