1 0.359557809144717 -0.223078787410075 0.443857924823308 0.467973295571859 -0.192746601962491 -0.528677529574122 0.29532089740265 -0.441548081236395 -0.578200740487972 -0.114611249957189
0.359557809144717 1 0.358623511377081 0.401811164067394 0.1659123930485 0.202089945918575 0.0187012818867184 -0.343433133255006 -0.478679815511602 -0.405141609694698 -0.497551300649463
-0.223078787410075 0.358623511377081 1 0.348202774173114 -0.581350325536771 -0.204416799775823 0.5767997012139 -0.590823409556283 -0.3099510443986 0.333204837456026 -0.160699648029018
0.443857924823308 0.401811164067394 0.348202774173114 1 -0.135422680089351 -0.522248011134873 -0.296231701194333 -0.0793864321738165 -0.584676709693489 -0.282212436199236 0.152423761192533
0.467973295571859 0.1659123930485 -0.581350325536771 -0.135422680089351 1 0.338694799588153 -0.513410780947735 0.489688720261966 -0.0111912158227059 -0.585009090473017 -0.174483855901189
-0.192746601962491 0.202089945918575 -0.204416799775823 -0.522248011134873 0.338694799588153 1 0.299252377763047 -0.1572836984701 0.287168231024267 -0.0425423390137883 -0.479630119912619
-0.528677529574122 0.0187012818867184 0.5767997012139 -0.296231701194333 -0.513410780947735 0.299252377763047 1 -0.574053562291062 0.161433010410632 0.671731139289084 -0.27791792186052
0.29532089740265 -0.343433133255006 -0.590823409556283 -0.0793864321738165 0.489688720261966 -0.1572836984701 -0.574053562291062 1 0.269403298299013 -0.280471878845786 0.457799497898245
-0.441548081236395 -0.478679815511602 -0.3099510443986 -0.584676709693489 -0.0111912158227059 0.287168231024267 0.161433010410632 0.269403298299013 1 0.476163622933888 0.327972813441616
-0.578200740487972 -0.405141609694698 0.333204837456026 -0.282212436199236 -0.585009090473017 -0.0425423390137883 0.671731139289084 -0.280471878845786 0.476163622933888 1 0.229031712191001
-0.114611249957189 -0.497551300649463 -0.160699648029018 0.152423761192533 -0.174483855901189 -0.479630119912619 -0.27791792186052 0.457799497898245 0.327972813441616 0.229031712191001 1
