1 0.518513808564862 -0.16835133548974 0.539482992593695 -0.531341817634062 0.0578626420858434 -0.531368219918347 0.449255737320151 -0.3277037129758 -0.622169825994696 0.0510832847811123
0.518513808564862 1 0.458257809999825 0.388961714084458 -0.601701155874417 0.362276289856 0.0186654742347722 -0.115041982115333 -0.449457896062752 -0.501484628637188 -0.413367312070784
-0.16835133548974 0.458257809999825 1 0.19032932369716 -0.0878327546211444 -0.052957482890824 0.521110444552072 -0.636242203846035 -0.471527884288151 0.212720240635433 -0.432411806471962
0.539482992593695 0.388961714084458 0.19032932369716 1 -0.323443284881644 -0.37984193191742 -0.430475314976791 -0.027905894382233 -0.555917665726058 -0.257342517838872 0.256231470078801
-0.531341817634062 -0.601701155874417 -0.0878327546211444 -0.323443284881644 1 -0.285635538798776 0.219632714709179 -0.0842496986806655 0.559057833009291 0.805156785976841 0.30377162364092
0.0578626420858434 0.362276289856 -0.052957482890824 -0.37984193191742 -0.285635538798776 1 0.319441201295154 0.0717133159769553 0.204469331439941 -0.348909041728882 -0.496009231998469
-0.531368219918347 0.0186654742347722 0.521110444552072 -0.430475314976791 0.219632714709179 0.319441201295154 1 -0.581229714278417 0.0457807659229962 0.460579803970455 -0.520420509856444
0.449255737320151 -0.115041982115333 -0.636242203846035 -0.027905894382233 -0.0842496986806655 0.0717133159769553 -0.581229714278417 1 0.3367579177819 -0.422452935582726 0.421452720350531
-0.3277037129758 -0.449457896062752 -0.471527884288151 -0.555917665726058 0.559057833009291 0.204469331439941 0.0457807659229962 0.3367579177819 1 0.259162771563122 0.206822010395876
-0.622169825994696 -0.501484628637188 0.212720240635433 -0.257342517838872 0.805156785976841 -0.348909041728882 0.460579803970455 -0.422452935582726 0.259162771563122 1 0.106663736039842
0.0510832847811123 -0.413367312070784 -0.432411806471962 0.256231470078801 0.30377162364092 -0.496009231998469 -0.520420509856444 0.421452720350531 0.206822010395876 0.106663736039842 1
