1 0.451906381696626 -0.225886185195091 0.479671120897288 -0.41297365881424 -0.0778819728431731 -0.545305509021832 0.55059878489664 -0.13041315166337 -0.652551104604739 0.00170125409255318
0.451906381696626 1 0.361404672505957 0.369295541297671 -0.573806012473798 0.321652904178031 -0.0349604338386831 0.00568080053104354 -0.329364974229866 -0.4664200361124 -0.436827860933252
-0.225886185195091 0.361404672505957 1 0.274872646891048 -0.175585477559359 -0.0431109574547193 0.556216439998926 -0.60697305701526 -0.583636208684032 0.270474052620189 -0.267472273672921
0.479671120897288 0.369295541297671 0.274872646891048 1 -0.291176434827505 -0.453322345455504 -0.356025128606815 -0.0399503827768604 -0.494525640202709 -0.315603479160292 0.247527370702968
-0.41297365881424 -0.573806012473798 -0.175585477559359 -0.291176434827505 1 -0.2028417105304 0.0944491941638872 -0.013451320123079 0.557519453348628 0.587847334895435 0.393784702456184
-0.0778819728431731 0.321652904178031 -0.0431109574547193 -0.453322345455504 -0.2028417105304 1 0.347462598460882 0.0443487878923599 0.204916598418095 -0.0748706970955365 -0.57727662129624
-0.545305509021832 -0.0349604338386831 0.556216439998926 -0.356025128606815 0.0944491941638872 0.347462598460882 1 -0.594612071929752 -0.169739647328943 0.596269365699423 -0.393278698810923
0.55059878489664 0.00568080053104354 -0.60697305701526 -0.0399503827768604 -0.013451320123079 0.0443487878923599 -0.594612071929752 1 0.415378969425819 -0.494336452918752 0.170428854741264
-0.13041315166337 -0.329364974229866 -0.583636208684032 -0.494525640202709 0.557519453348628 0.204916598418095 -0.169739647328943 0.415378969425819 1 0.0879589887817747 0.112877663073872
-0.652551104604739 -0.4664200361124 0.270474052620189 -0.315603479160292 0.587847334895435 -0.0748706970955365 0.596269365699423 -0.494336452918752 0.0879589887817747 1 0.134871102097554
0.00170125409255318 -0.436827860933252 -0.267472273672921 0.247527370702968 0.393784702456184 -0.57727662129624 -0.393278698810923 0.170428854741264 0.112877663073872 0.134871102097554 1
