1 0.517573627081056 -0.347338979014089 0.234134596897182 0.769526556056961 0.0251485569770915 -0.636575169854994 0.504415251858048 -0.446021429223521 -0.642315054620448 -0.270929431402385
0.517573627081056 1 0.368357274458606 0.257686261978248 0.189812107605965 0.202710565277678 -0.139605677906065 -0.13531422663719 -0.504378970828708 -0.466781357871885 -0.515200223656554
-0.347338979014089 0.368357274458606 1 0.248793585672607 -0.537241784389378 -0.0362923603002172 0.666775908374642 -0.661918909363019 -0.243963211594029 0.236573135946635 -0.18133031668711
0.234134596897182 0.257686261978248 0.248793585672607 1 -0.0794281551907892 -0.569565898877559 -0.174369964302914 -0.196591185441796 -0.420454270929556 -0.150941516844814 0.195488091463998
0.769526556056961 0.189812107605965 -0.537241784389378 -0.0794281551907892 1 0.16729522999444 -0.628001935509316 0.768884891557923 -0.210607428061819 -0.57189828447896 -0.171735893675074
0.0251485569770915 0.202710565277678 -0.0362923603002172 -0.569565898877559 0.16729522999444 1 0.218010241716176 0.0987237645837182 0.239914089455093 -0.0856096136421875 -0.499658845711589
-0.636575169854994 -0.139605677906065 0.666775908374642 -0.174369964302914 -0.628001935509316 0.218010241716176 1 -0.597937646230052 0.20764305924633 0.649159476458935 -0.0398283281136302
0.504415251858048 -0.13531422663719 -0.661918909363019 -0.196591185441796 0.768884891557923 0.0987237645837182 -0.597937646230052 1 0.179092372191943 -0.387663211907702 0.113167279130342
-0.446021429223521 -0.504378970828708 -0.243963211594029 -0.420454270929556 -0.210607428061819 0.239914089455093 0.20764305924633 0.179092372191943 1 0.467016475747448 0.333613561639449
-0.642315054620448 -0.466781357871885 0.236573135946635 -0.150941516844814 -0.57189828447896 -0.0856096136421875 0.649159476458935 -0.387663211907702 0.467016475747448 1 0.373594860211558
-0.270929431402385 -0.515200223656554 -0.18133031668711 0.195488091463998 -0.171735893675074 -0.499658845711589 -0.0398283281136302 0.113167279130342 0.333613561639449 0.373594860211558 1
