1 0.440810954470451 -0.154352472555546 0.289505448236279 0.437603217362219 -0.0867360682446297 -0.416565567907122 0.0298067244795853 -0.39110717605033 -0.491148602222306 -0.220072317109004
0.440810954470451 1 0.329673339544319 0.189448004644571 0.210446197531441 0.0614964507712447 -0.0862801215390309 -0.248001846949172 -0.459297902659385 -0.410131539899254 -0.379735446527863
-0.154352472555546 0.329673339544319 1 0.167641951394849 -0.431491115880387 -0.027994989617907 0.582911940903382 -0.55415237195585 -0.283259316443257 0.157721486297991 -0.184144108250544
0.289505448236279 0.189448004644571 0.167641951394849 1 -0.151871319648656 -0.49976652430526 -0.171320808199427 -0.110516229956987 -0.394047748380668 -0.176069558172041 0.211917367970477
0.437603217362219 0.210446197531441 -0.431491115880387 -0.151871319648656 1 0.361345177514781 -0.487398658328657 0.505374803643523 -0.0166692701037448 -0.503746865363593 -0.259862249129622
-0.0867360682446297 0.0614964507712447 -0.027994989617907 -0.49976652430526 0.361345177514781 1 0.20824974563927 0.0017825406264074 0.192002330550499 -0.0504950787845779 -0.445041461846022
-0.416565567907122 -0.0862801215390309 0.582911940903382 -0.171320808199427 -0.487398658328657 0.20824974563927 1 -0.496449366736901 0.0683757103845031 0.557054271068975 -0.120528446785815
0.0298067244795853 -0.248001846949172 -0.55415237195585 -0.110516229956987 0.505374803643523 0.0017825406264074 -0.496449366736901 1 0.373701616641235 -0.212178584768371 0.323765552903247
-0.39110717605033 -0.459297902659385 -0.283259316443257 -0.394047748380668 -0.0166692701037448 0.192002330550499 0.0683757103845031 0.373701616641235 1 0.393994161246959 0.169180099627027
-0.491148602222306 -0.410131539899254 0.157721486297991 -0.176069558172041 -0.503746865363593 -0.0504950787845779 0.557054271068975 -0.212178584768371 0.393994161246959 1 0.259831694386499
-0.220072317109004 -0.379735446527863 -0.184144108250544 0.211917367970477 -0.259862249129622 -0.445041461846022 -0.120528446785815 0.323765552903247 0.169180099627027 0.259831694386499 1
