1 0.110194707439829 -0.517452573379985 0.385119926896472 0.840808688212281 -0.265050385004809 -0.67079076463414 0.633707405893603 -0.293898547592966 -0.73118793547458 0.167992826804282
0.110194707439829 1 0.567668492724228 0.087179682205884 -0.0951549263357509 0.387597934557506 0.0592353051860944 -0.36889861239457 -0.380607118237544 -0.207365072704213 -0.565079470245296
-0.517452573379985 0.567668492724228 1 -0.00816804254776003 -0.695460422054961 0.301553848238187 0.728142967488327 -0.762323957302567 -0.248567482897318 0.447686257160222 -0.436759714069235
0.385119926896472 0.087179682205884 -0.00816804254776003 1 0.175867606082277 -0.512255106895378 -0.165008513926191 0.0305573305012768 -0.461376013732408 -0.26187115464811 0.304880828200911
0.840808688212281 -0.0951549263357509 -0.695460422054961 0.175867606082277 1 -0.139014702568052 -0.745033560063264 0.827982616708698 -0.0276030347829102 -0.704687130457901 0.216553093588903
-0.265050385004809 0.387597934557506 0.301553848238187 -0.512255106895378 -0.139014702568052 1 0.266419025363462 -0.205019488124917 0.263934670558231 0.158970509951924 -0.489943433148755
-0.67079076463414 0.0592353051860944 0.728142967488327 -0.165008513926191 -0.745033560063264 0.266419025363462 1 -0.664396838668171 -0.0097980490168903 0.783465635595263 -0.182997350132739
0.633707405893603 -0.36889861239457 -0.762323957302567 0.0305573305012768 0.827982616708698 -0.205019488124917 -0.664396838668171 1 0.264017771876484 -0.500140349472562 0.357969313041014
-0.293898547592966 -0.380607118237544 -0.248567482897318 -0.461376013732408 -0.0276030347829102 0.263934670558231 -0.0097980490168903 0.264017771876484 1 0.379272736705293 0.0608495492068653
-0.73118793547458 -0.207365072704213 0.447686257160222 -0.26187115464811 -0.704687130457901 0.158970509951924 0.783465635595263 -0.500140349472562 0.379272736705293 1 0.041077197735773
0.167992826804282 -0.565079470245296 -0.436759714069235 0.304880828200911 0.216553093588903 -0.489943433148755 -0.182997350132739 0.357969313041014 0.0608495492068653 0.041077197735773 1
