1 0.370257328332449 -0.329929430452165 0.31922175473036 0.633320459716467 0.0958781020896707 -0.586423796812149 0.315400182485972 -0.345028025335799 -0.626838018302957 -0.379590889850945
0.370257328332449 1 0.448542492518336 0.592704648469614 -0.120166463956438 0.0194644373720595 0.0050685322393001 -0.357861822781344 -0.534741564801327 -0.321540924886708 -0.375216368492637
-0.329929430452165 0.448542492518336 1 0.400915988196251 -0.552643081835446 -0.213851358333678 0.594571016844363 -0.625276950476441 -0.331296659542144 0.290901281158693 -0.0787736674403591
0.31922175473036 0.592704648469614 0.400915988196251 1 -0.119280628944269 -0.418826390625591 -0.15997117268342 -0.380740215577805 -0.516988284838686 -0.226472613338296 -0.0580609753378377
0.633320459716467 -0.120166463956438 -0.552643081835446 -0.119280628944269 1 0.170710840702955 -0.503880839023226 0.708393316785106 -0.00101303052070423 -0.497274049797071 -0.241740848086057
0.0958781020896707 0.0194644373720595 -0.213851358333678 -0.418826390625591 0.170710840702955 1 0.1466579025832 0.230177968613753 0.218507789623615 -0.173945863821788 -0.285237609901559
-0.586423796812149 0.0050685322393001 0.594571016844363 -0.15997117268342 -0.503880839023226 0.1466579025832 1 -0.542906964679758 0.0439688475752546 0.623408553048708 -0.0285860217300866
0.315400182485972 -0.357861822781344 -0.625276950476441 -0.380740215577805 0.708393316785106 0.230177968613753 -0.542906964679758 1 0.421122711010605 -0.329255046245452 -0.003780827574077
-0.345028025335799 -0.534741564801327 -0.331296659542144 -0.516988284838686 -0.00101303052070423 0.218507789623615 0.0439688475752546 0.421122711010605 1 0.434817012258209 0.479233035789783
-0.626838018302957 -0.321540924886708 0.290901281158693 -0.226472613338296 -0.497274049797071 -0.173945863821788 0.623408553048708 -0.329255046245452 0.434817012258209 1 0.401015798768269
-0.379590889850945 -0.375216368492637 -0.0787736674403591 -0.0580609753378377 -0.241740848086057 -0.285237609901559 -0.0285860217300866 -0.003780827574077 0.479233035789783 0.401015798768269 1
