1 0.482328174500797 -0.343501635801977 0.156516147572196 0.653552924094156 0.135367934092705 -0.549763659430359 0.287205177583107 -0.397913424420985 -0.620731229287203 -0.212231841566575
0.482328174500797 1 0.400314066327801 0.486419981904445 0.0896730833586397 0.159604392994351 -0.0577382195845005 -0.29011212008966 -0.614152050694751 -0.448167317928039 -0.423898818451095
-0.343501635801977 0.400314066327801 1 0.322171636399377 -0.589419172048519 -0.106583120010395 0.706377755241375 -0.617056271119034 -0.283186046186017 0.289188419341288 -0.218314540484972
0.156516147572196 0.486419981904445 0.322171636399377 1 -0.195944939581716 -0.415099703002121 -0.117110127348077 -0.285619918789748 -0.42956270390143 -0.167129095893919 -0.00272510550140407
0.653552924094156 0.0896730833586397 -0.589419172048519 -0.195944939581716 1 0.389451414206352 -0.588808872486912 0.658945219066211 -0.0705089835001575 -0.583846953192801 -0.127701396156512
0.135367934092705 0.159604392994351 -0.106583120010395 -0.415099703002121 0.389451414206352 1 0.147047713950803 0.11022280386361 0.0392730136176841 -0.216602425879903 -0.403222404160956
-0.549763659430359 -0.0577382195845005 0.706377755241375 -0.117110127348077 -0.588808872486912 0.147047713950803 1 -0.519276079338634 0.124325395639838 0.638788736077015 -0.134394491732017
0.287205177583107 -0.29011212008966 -0.617056271119034 -0.285619918789748 0.658945219066211 0.11022280386361 -0.519276079338634 1 0.351451681342498 -0.300435641874928 0.12275522226671
-0.397913424420985 -0.614152050694751 -0.283186046186017 -0.42956270390143 -0.0705089835001575 0.0392730136176841 0.124325395639838 0.351451681342498 1 0.604823466843278 0.4063961633986
-0.620731229287203 -0.448167317928039 0.289188419341288 -0.167129095893919 -0.583846953192801 -0.216602425879903 0.638788736077015 -0.300435641874928 0.604823466843278 1 0.287324799231425
-0.212231841566575 -0.423898818451095 -0.218314540484972 -0.00272510550140407 -0.127701396156512 -0.403222404160956 -0.134394491732017 0.12275522226671 0.4063961633986 0.287324799231425 1
