1 0.504939015233441 -0.145538041224111 0.547532311633615 0.68217859410419 -0.018948425387129 -0.589316759449602 0.0960457672567276 -0.485933608556216 -0.672276809082492 -0.324251159026279
0.504939015233441 1 0.587651658270771 0.326372865345311 0.0406109852147244 0.361876885856245 -0.0838450691293578 -0.458606300250945 -0.583791876959366 -0.445180370355794 -0.612352849621764
-0.145538041224111 0.587651658270771 1 0.11970783271587 -0.479426235664391 0.195984957179002 0.558769002246698 -0.610528163019453 -0.363422728701792 0.0900811801766759 -0.381697498014986
0.547532311633615 0.326372865345311 0.11970783271587 1 0.22560120734882 -0.445989224131681 -0.274898284782233 -0.0533824071116547 -0.495770512408958 -0.427109218527178 -0.0781306608112916
0.68217859410419 0.0406109852147244 -0.479426235664391 0.22560120734882 1 -0.012708392552549 -0.656068690300471 0.56398368085435 -0.133765539225403 -0.542742484284301 -0.0387070597413999
-0.018948425387129 0.361876885856245 0.195984957179002 -0.445989224131681 -0.012708392552549 1 0.149940639698871 -0.261698819841356 0.0901837542751616 0.0313037815488053 -0.484041560696131
-0.589316759449602 -0.0838450691293578 0.558769002246698 -0.274898284782233 -0.656068690300471 0.149940639698871 1 -0.444014093869523 0.176625046000182 0.741557615421273 0.0104799062893762
0.0960457672567276 -0.458606300250945 -0.610528163019453 -0.0533824071116547 0.56398368085435 -0.261698819841356 -0.444014093869523 1 0.351674451964751 -0.148710051759866 0.535940377436581
-0.485933608556216 -0.583791876959366 -0.363422728701792 -0.495770512408958 -0.133765539225403 0.0901837542751616 0.176625046000182 0.351674451964751 1 0.600417556424544 0.503992929950266
-0.672276809082492 -0.445180370355794 0.0900811801766759 -0.427109218527178 -0.542742484284301 0.0313037815488053 0.741557615421273 -0.148710051759866 0.600417556424544 1 0.325066124877136
-0.324251159026279 -0.612352849621764 -0.381697498014986 -0.0781306608112916 -0.0387070597413999 -0.484041560696131 0.0104799062893762 0.535940377436581 0.503992929950266 0.325066124877136 1
