1 0.424957106553182 -0.31571771207225 0.108615198347935 0.690356541036801 0.14932404184096 -0.5227588771554 0.367072256151321 -0.372965148077791 -0.560302921126431 -0.327934284592119
0.424957106553182 1 0.386813975106399 0.255520782217068 0.127301573865736 0.236300404650027 -0.0841150862674501 -0.225893166448479 -0.552248531378547 -0.407897374425163 -0.409951283362088
-0.31571771207225 0.386813975106399 1 0.251856500186431 -0.526709422857661 -0.130273931279457 0.590404227323603 -0.565508391050702 -0.286543392313396 0.255909766620226 -0.110531649353858
0.108615198347935 0.255520782217068 0.251856500186431 1 -0.215423290840859 -0.408659793521007 -0.0985615236471816 -0.262767084328899 -0.304637073233289 -0.0891150351348104 0.0785049108519795
0.690356541036801 0.127301573865736 -0.526709422857661 -0.215423290840859 1 0.442499621397918 -0.549301337371119 0.687686749679849 -0.0850334636631741 -0.560633121010225 -0.278002521934079
0.14932404184096 0.236300404650027 -0.130273931279457 -0.408659793521007 0.442499621397918 1 0.0276106704245538 0.134243909301899 0.0222495535220911 -0.256571566234833 -0.401093336605966
-0.5227588771554 -0.0841150862674501 0.590404227323603 -0.0985615236471816 -0.549301337371119 0.0276106704245538 1 -0.465334879888613 0.0782464775042803 0.605395798372778 -0.0121352841113439
0.367072256151321 -0.225893166448479 -0.565508391050702 -0.262767084328899 0.687686749679849 0.134243909301899 -0.465334879888613 1 0.277672575003553 -0.327019399393179 0.0343296768194267
-0.372965148077791 -0.552248531378547 -0.286543392313396 -0.304637073233289 -0.0850334636631741 0.0222495535220911 0.0782464775042803 0.277672575003553 1 0.483006328604466 0.391157386349489
-0.560302921126431 -0.407897374425163 0.255909766620226 -0.0891150351348104 -0.560633121010225 -0.256571566234833 0.605395798372778 -0.327019399393179 0.483006328604466 1 0.322748815152759
-0.327934284592119 -0.409951283362088 -0.110531649353858 0.0785049108519795 -0.278002521934079 -0.401093336605966 -0.0121352841113439 0.0343296768194267 0.391157386349489 0.322748815152759 1
