1 0.194601724882614 -0.421170265198208 0.154576730270993 0.752460855901482 -0.0327561363184465 -0.59052375458976 0.513551127580859 -0.281697404554789 -0.648545626755741 -0.10492151236462
0.194601724882614 1 0.403736165848062 0.294542939590841 -0.0664377841554751 0.164656580135448 -0.0369759588214596 -0.263415191724991 -0.451891061074638 -0.263428937505034 -0.400048740108513
-0.421170265198208 0.403736165848062 1 0.26739368100088 -0.60962925148648 0.0506061649973433 0.66304458191253 -0.665323803899547 -0.320001097031535 0.384880327605935 -0.27026135293946
0.154576730270993 0.294542939590841 0.26739368100088 1 -0.0954900072650425 -0.428373702630898 -0.148721977546349 -0.195905935891761 -0.399049155447912 -0.166555490900479 0.137179922658185
0.752460855901482 -0.0664377841554751 -0.60962925148648 -0.0954900072650425 1 0.131191081140705 -0.622574722256723 0.837163421286882 -0.0647615867369611 -0.641118489529098 -0.0409987939282972
-0.0327561363184465 0.164656580135448 0.0506061649973433 -0.428373702630898 0.131191081140705 1 0.229546110170681 0.0398592450120553 0.163591813282087 -0.00444303294359927 -0.463498686540933
-0.59052375458976 -0.0369759588214596 0.66304458191253 -0.148721977546349 -0.622574722256723 0.229546110170681 1 -0.585879882287893 0.017279065382631 0.698482824694908 -0.159228755010582
0.513551127580859 -0.263415191724991 -0.665323803899547 -0.195905935891761 0.837163421286882 0.0398592450120553 -0.585879882287893 1 0.226387220576943 -0.480489208811476 0.167825948297524
-0.281697404554789 -0.451891061074638 -0.320001097031535 -0.399049155447912 -0.0647615867369611 0.163591813282087 0.017279065382631 0.226387220576943 1 0.430548146396857 0.411318541357205
-0.648545626755741 -0.263428937505034 0.384880327605935 -0.166555490900479 -0.641118489529098 -0.00444303294359927 0.698482824694908 -0.480489208811476 0.430548146396857 1 0.267605332144578
-0.10492151236462 -0.400048740108513 -0.27026135293946 0.137179922658185 -0.0409987939282972 -0.463498686540933 -0.159228755010582 0.167825948297524 0.411318541357205 0.267605332144578 1
