1 0.217326265661607 -0.349613599264531 0.235611405194786 0.626644322911992 0.0489590976271205 -0.556295023699705 0.364112825880978 -0.330988249289278 -0.580696794692351 -0.153337593975949
0.217326265661607 1 0.455921618567085 0.590116021714038 -0.105247421722915 0.017541738359706 -0.0214936905823807 -0.317388811541419 -0.461550996704087 -0.315583887566096 -0.37477245321633
-0.349613599264531 0.455921618567085 1 0.369654776309225 -0.595363763165231 -0.191596634839423 0.652146714014633 -0.646077728188989 -0.291432053909465 0.322033159834697 -0.205445054422955
0.235611405194786 0.590116021714038 0.369654776309225 1 -0.125595352151473 -0.361320903037267 -0.0985745124511805 -0.236860043261105 -0.506022463680511 -0.24643187407033 -0.0584942623425018
0.626644322911992 -0.105247421722915 -0.595363763165231 -0.125595352151473 1 0.321062051497775 -0.618589387577722 0.734013943075886 -0.034423395945453 -0.566869675628965 -0.0731938979333234
0.0489590976271205 0.017541738359706 -0.191596634839423 -0.361320903037267 0.321062051497775 1 0.0123348767802239 0.14436360366383 0.26618808337495 -0.135050018594033 -0.351876123155973
-0.556295023699705 -0.0214936905823807 0.652146714014633 -0.0985745124511805 -0.618589387577722 0.0123348767802239 1 -0.566953679492731 0.100373497013989 0.728547742562208 -0.0855904183703612
0.364112825880978 -0.317388811541419 -0.646077728188989 -0.236860043261105 0.734013943075886 0.14436360366383 -0.566953679492731 1 0.247756047876687 -0.377529692148843 0.232305231967432
-0.330988249289278 -0.461550996704087 -0.291432053909465 -0.506022463680511 -0.034423395945453 0.26618808337495 0.100373497013989 0.247756047876687 1 0.438068846883193 0.286024285123761
-0.580696794692351 -0.315583887566096 0.322033159834697 -0.24643187407033 -0.566869675628965 -0.135050018594033 0.728547742562208 -0.377529692148843 0.438068846883193 1 0.27337842361867
-0.153337593975949 -0.37477245321633 -0.205445054422955 -0.0584942623425018 -0.0731938979333234 -0.351876123155973 -0.0855904183703612 0.232305231967432 0.286024285123761 0.27337842361867 1
