1 0.28552875964387 -0.45847262068261 0.184971903450684 0.826684853434034 0.0360227546748456 -0.658424278227395 0.601906185613363 -0.345616672210605 -0.70732806707681 -0.138464055065963
0.28552875964387 1 0.41774902016856 0.283666998245033 0.0184738903390585 0.254221741592769 -0.0152637442184535 -0.254949935716138 -0.500154183870893 -0.318076752237507 -0.443261359605692
-0.45847262068261 0.41774902016856 1 0.243265913676994 -0.648435845968874 0.028464259898125 0.754087431049703 -0.709474962440006 -0.273258549135032 0.41038543646318 -0.243329384858605
0.184971903450684 0.283666998245033 0.243265913676994 1 -0.139828777479263 -0.485235812513968 -0.0830589495262899 -0.155359784115085 -0.384979091075679 -0.179514877794124 0.0462899943037301
0.826684853434034 0.0184738903390585 -0.648435845968874 -0.139828777479263 1 0.258783163252714 -0.67546841363562 0.844807120421366 -0.0840762907544975 -0.650222015116812 -0.106308079905086
0.0360227546748456 0.254221741592769 0.028464259898125 -0.485235812513968 0.258783163252714 1 0.1201084897388 0.0700060511676981 0.117655305439732 -0.0307304108026341 -0.427253675038526
-0.658424278227395 -0.0152637442184535 0.754087431049703 -0.0830589495262899 -0.67546841363562 0.1201084897388 1 -0.634583958363928 0.094642048972306 0.749424263425301 -0.10468034664809
0.601906185613363 -0.254949935716138 -0.709474962440006 -0.155359784115085 0.844807120421366 0.0700060511676981 -0.634583958363928 1 0.174202456924669 -0.47287403656233 0.116489980445163
-0.345616672210605 -0.500154183870893 -0.273258549135032 -0.384979091075679 -0.0840762907544975 0.117655305439732 0.094642048972306 0.174202456924669 1 0.532135856913952 0.335438723905929
-0.70732806707681 -0.318076752237507 0.41038543646318 -0.179514877794124 -0.650222015116812 -0.0307304108026341 0.749424263425301 -0.47287403656233 0.532135856913952 1 0.195274748292666
-0.138464055065963 -0.443261359605692 -0.243329384858605 0.0462899943037301 -0.106308079905086 -0.427253675038526 -0.10468034664809 0.116489980445163 0.335438723905929 0.195274748292666 1
