1 0.450167279086762 -0.254784710449816 0.19425428684684 0.501570638528922 -0.0104612116046647 -0.448418148095863 0.202358767574802 -0.313657517362678 -0.559911172740371 -0.245706893184804
0.450167279086762 1 0.435741807196534 0.417300593442763 -0.0438552419117093 0.134688468882353 0.0269752332219594 -0.296997904589611 -0.522075359784654 -0.440499099335602 -0.48734885047889
-0.254784710449816 0.435741807196534 1 0.236505882962803 -0.4880726678106 0.0909373346581315 0.717467933653629 -0.595875385651117 -0.405792098002957 0.181226070455466 -0.330261847039606
0.19425428684684 0.417300593442763 0.236505882962803 1 0.142186110457884 -0.449533967012441 -0.140052392993485 -0.261046873198969 -0.462371930659989 -0.273173718606902 -0.0213225990077882
0.501570638528922 -0.0438552419117093 -0.4880726678106 0.142186110457884 1 -0.184178451059545 -0.570307396020107 0.568609086656254 -0.0596447284031508 -0.450240980018811 0.187723541770127
-0.0104612116046647 0.134688468882353 0.0909373346581315 -0.449533967012441 -0.184178451059545 1 0.319680281267169 0.0294446838104431 0.229905863510396 0.0806273819621525 -0.414913319262651
-0.448418148095863 0.0269752332219594 0.717467933653629 -0.140052392993485 -0.570307396020107 0.319680281267169 1 -0.535198137386607 -0.0905512408359666 0.597148795176819 -0.222902851250648
0.202358767574802 -0.296997904589611 -0.595875385651117 -0.261046873198969 0.568609086656254 0.0294446838104431 -0.535198137386607 1 0.423990006124491 -0.285361106519926 0.244773813432818
-0.313657517362678 -0.522075359784654 -0.405792098002957 -0.462371930659989 -0.0596447284031508 0.229905863510396 -0.0905512408359666 0.423990006124491 1 0.389352574959803 0.392081255323738
-0.559911172740371 -0.440499099335602 0.181226070455466 -0.273173718606902 -0.450240980018811 0.0806273819621525 0.597148795176819 -0.285361106519926 0.389352574959803 1 0.28791211194479
-0.245706893184804 -0.48734885047889 -0.330261847039606 -0.0213225990077882 0.187723541770127 -0.414913319262651 -0.222902851250648 0.244773813432818 0.392081255323738 0.28791211194479 1
